image: map1.pgm
resolution: 0.062500
origin: [-78.17268056238473,-44.015640221933694,0.000000]
negate: 0
occupied_thresh: 0.45
free_thresh: 0.196